[[[ 14  23  28 ...  49  21   0]
  [ 21  21  26 ...  30  19   0]
  [ 16  16  37 ...  37  58 119]
  ...
  [ 19  37  75 ...  30  40  49]
  [ 33  37  51 ...  49  49  96]
  [ 30  33  40 ...  73  91  91]]

 [[ 71  86  95 ... 154 178 190]
  [ 62  98 122 ... 148 190 213]
  [ 86  92  98 ... 166 163 178]
  ...
  [ 92  83 113 ...  44  50  62]
  [104 101  86 ...  42  50  68]
  [ 92  95  56 ...  68  59  59]]

 [[163 157 113 ... 130 113  86]
  [102 121  98 ... 134 121 115]
  [105 150 130 ...  96 121 115]
  ...
  [176 161 151 ... 107  94  81]
  [159 171 167 ...  81  63  71]
  [125 165 180 ...  77  86  92]]

 ...

 [[ 82 105  64 ...  75 101 109]
  [ 86 109  94 ... 131 135  90]
  [105 131 142 ... 120 120  49]
  ...
  [ 45 105  86 ...   0   0   0]
  [ 60  97  75 ...   0   0   0]
  [ 49  49  34 ...   0   0   0]]

 [[ 35  32  51 ... 178  53   7]
  [  7  25  19 ... 158  81  21]
  [  5  16  14 ... 148 116  56]
  ...
  [118  97  60 ...  16  28  21]
  [111  93  60 ...   0   7  32]
  [127  70  35 ...  16  21  49]]

 [[ 85  85  78 ...  92 111 131]
  [ 98  92  98 ... 111 118 124]
  [111 105 105 ... 111  98  98]
  ...
  [ 59  85 118 ...  65  92 150]
  [ 72  85  85 ...  72 111 137]
  [ 65  72  72 ...  85 163 163]]]
(12500, 32, 32)